# Created by Octave 4.0.0, Sat Sep 03 07:54:31 2016 CDT <mfragaa@mfragaa-Inspiron-N5110>
# name: ans
# type: scalar
0.09327602798059155


# name: ee
# type: matrix
# rows: 10
# columns: 1
 0.0172582885193066
 0.09238400734531671
 0.108322047845082
 -0.04303777917013696
 0.3150377642021641
 -0.04814733015072037
 0.2251007774747982
 -0.2782635847473069
 0.112155620795699
 -0.102044806304011


# name: entrenamiento
# type: matrix
# rows: 10
# columns: 1
 0.2080791084899603
 0.712473403795637
 1.078698279347642
 1.07549902188445
 0.4845752994544764
 -0.4036326884735449
 -0.8209010838981998
 -1.019189682526815
 -0.4458779351274281
 0.06394637727221913


# name: ev
# type: matrix
# rows: 10
# columns: 1
 -0.1044747052191645
 0.1557469810205889
 -0.04986855288734537
 -0.08043218700991772
 -0.0812407009550703
 -0.06224730077945395
 -0.1617257467741717
 -0.07015913288127895
 0.07106200524204276
 -0.108429974934907


# name: validacion
# type: matrix
# rows: 10
# columns: 1
 0.1548682236879904
 0.652407764307871
 0.9283058531957353
 0.5847538298545787
 0.5828669076737318
 -0.4165659983210623
 -0.8286121795260458
 -0.7828699542045634
 -0.5920967535464714
 -0.09677366093218681


# name: x
# type: matrix
# rows: 10
# columns: 1
 0
 0.1111111111111111
 0.2222222222222222
 0.3333333333333333
 0.4444444444444444
 0.5555555555555556
 0.6666666666666666
 0.7777777777777777
 0.8888888888888888
 1


# name: xg
# type: matrix
# rows: 50
# columns: 1
 0
 0.02040816326530612
 0.04081632653061224
 0.06122448979591837
 0.08163265306122448
 0.1020408163265306
 0.1224489795918367
 0.1428571428571428
 0.163265306122449
 0.1836734693877551
 0.2040816326530612
 0.2244897959183673
 0.2448979591836735
 0.2653061224489796
 0.2857142857142857
 0.3061224489795918
 0.3265306122448979
 0.3469387755102041
 0.3673469387755102
 0.3877551020408163
 0.4081632653061224
 0.4285714285714285
 0.4489795918367346
 0.4693877551020408
 0.4897959183673469
 0.5102040816326531
 0.5306122448979591
 0.5510204081632653
 0.5714285714285714
 0.5918367346938775
 0.6122448979591836
 0.6326530612244897
 0.6530612244897959
 0.673469387755102
 0.6938775510204082
 0.7142857142857142
 0.7346938775510203
 0.7551020408163265
 0.7755102040816326
 0.7959183673469387
 0.8163265306122448
 0.836734693877551
 0.8571428571428571
 0.8775510204081632
 0.8979591836734693
 0.9183673469387754
 0.9387755102040816
 0.9591836734693877
 0.9795918367346939
 1


